0.47829690000000014 0.28242953648100017 0.1853020188851842 0.1500946352969992 0.0 
0.22876792454961012 0.22876792454961012 0.10941898913151243 0.34867844010000015 0.0 
0.0 0.0 0.0 0.22876792454961012 0.0 
-0.9 -0.9 0.0 0.0 0.0 
0.47829690000000014 0.34867844010000015 0.1853020188851842 0.1853020188851842 0.0 
0.0 0.0 0.0 0.0 0.0 
-0.9 -0.9 -0.9 0.6561000000000001 0.0 
0.0 0.0 0.0 0.0 -1.0 
0.22876792454961012 0.7290000000000001 0.22876792454961012 0.16677181699666577 0.0 
0.28242953648100017 0.6561000000000001 0.28242953648100017 0.28242953648100017 0.0 
0.5314410000000002 0.9 0.0 0.28242953648100017 0.0 
0.0 0.0 0.0 0.0 1.0 
