0.5270789061230825 0.23909372103425852 0.0 0.2342887486366306 0.0 
0.0 0.0 0.0 0.3469641686335141 0.0 
0.27666045326887917 0.0 0.0 0.0 0.0 
-0.421875 0.0 0.0 -0.43593750000000003 0.0 
0.555206486346187 0.41228559583358126 0.3829489086313652 0.31426382690130933 0.0 
0.0 0.0 0.0 0.0 0.0 
-0.1569373426446591 -0.225 0.03457629827074864 0.5611605243560506 0.0 
0.0 0.0 0.0 0.0 -0.984375 
0.5535514603037199 0.6413593789106953 0.2874529980223548 0.3699021419786234 0.0 
0.3528445052115432 0.786377526757571 0.46428583930638273 0.3508688583409356 0.0 
0.49081206050897797 0.8950260581819702 0.1166534591956581 0.48878517238359437 0.0 
0.0 0.0 0.0 0.0 1.0 
